2252
60310 3330 1416910
35760 223100 229315
17900 2315 84622
580004 8450 0
95570 5330 61041
68400 10000 89484
6840 76400 13026
54620 5470 66152
265520 24350 366806
211270 8360 33852
152100 29865 242996
222170 9755 69
161510 12275 35920
189400 13250 897
190160 108545 300
213630 12915 1414
190150 111930 0
195970 10490 627
236460 10125 50
222190 8870 63
222200 9400 75
222180 10110 50
238670 10050 375
195980 10660 18311
239660 103685 387
204420 6860 3939
227830 23195 1602
141240 9785 50
122090 20080 66
27410 9160 519589
282330 149500 119967
138930 8740 575396
1460 258500 101
1465 139500 21
32040 4375 0
79160 63100 112732
1040 142500 53878
120 161500 64697
11150 2725 91283
11155 27950 3577
35760 223100 331237
1045 63800 2119
97955 128000 4239
97950 329500 35588
51500 32000 19880
37560 9010 254489
58820 4340 914470
23460 1330 41867
83660 9880 677406
590 74400 1050
12030 827 813176
16610 3980 44466
45890 1710 34611
5830 60700 91019
990 18200 343797
995 35800 300
139130 9630 461637
68790 6440 100696
4840 6780 21329
241520 4495 216212
155660 4400 38115
69730 4495 45373
9730 1360 336257
37370 8130 14318
79190 3135 556915
7700 77700 79542
41590 3090 102969
130500 3630 16821
114090 24000 219888
900290 2495 78958
78930 51400 137980
83450 7230 14933
6360 44500 430356
1250 3210 233420
7070 29750 1642649
78935 36950 2226
28150 181100 12425
32800 577 1170272
78150 2655 1828807
36640 3555 44357
225430 3400 167997
3560 2175 1101495
52220 3015 25020
95340 15700 63217
99520 1320 20782
175330 5820 149818
950170 9720 1017723
234080 24650 59494
67290 7820 295765
1060 34850 36243
1067 49700 607
1065 28600 476
96760 7540 85416
35900 24050 602981
148020 29935 604479
105780 5625 320
234310 10740 545
241390 10235 253
114100 110580 276
196230 103845 7513
219390 8290 347
140570 9195 41
140580 11090 10
196220 16880 347
183710 34030 487
174360 14150 4278
136340 102325 78
183700 55565 390
283930 8615 7
105560 53900 1069102
24120 6580 8068
2380 316000 8405
21320 8320 49700
36670 10050 86784
9070 2510 42382
9440 4270 10222
119650 3940 28137
44180 131 3848895
92220 1290 3134329
109070 9270 908489
46440 8800 67470
35600 20800 208828
1390 27150 56917
60720 9900 85979
105190 29935 672260
225130 10430 18243
232590 6835 8410
190620 100995 517
152500 5650 58951
181480 70580 10
211260 31175 20
143460 7245 117
131890 13330 21
108450 10145 3121
145670 7870 9584
238720 14590 1942
196030 17530 3631
205720 5910 1301
168580 20000 15131
219900 2920 61032
114460 105105 1
226380 6980 279
1940 11700 4298
192530 10750 56971
83470 1210 176420
122450 7070 59983
58400 940 82556
226980 10090 1092
69500 29815 8517238
223190 8655 11512
204450 8000 79136
99140 20150 2264
229720 14790 18
156080 13820 0
117700 3045 95419
132030 9020 33177
138910 5530 6180
114260 55275 539
152380 65110 16
176950 48635 164
102960 4725 3494
153130 100985 28787
200050 10820 1625
122630 14595 12743940
200020 20950 2411
219480 13410 6156
200040 16145 133
185680 25315 868
200030 14810 2218
218420 9585 508
91160 25115 480
211900 12255 2840
237370 10625 5807
140700 7995 2077
102780 6835 253497
213610 7285 3
117460 12150 795
140710 2720 4826
144600 3535 29790
91170 8300 29762
114800 6490 7876889
101280 12965 9073
91180 14300 1232
169950 14835 2849
102970 6570 254695
117680 7960 2277
229200 13305 6007407
233740 16150 14702523
226490 23010 134971
237350 22525 51
138920 8715 19029
152280 12970 250
100910 4860 53
104530 8020 334
148070 117320 140
167860 121490 508
114470 110065 19
130730 101620 1812
225800 8800 728448
230480 9605 382860
138230 11670 46535
139660 10910 34
104520 8430 1612
200250 13045 6683
153270 22830 88
122260 101745 3008
83420 4325 7708
114450 5070 20930
25000 66700 4504
92230 65600 1524
44450 7430 33128
33780 109000 176611
30200 27500 323234
30210 3575 286096
58850 2205 33391
36030 5540 15471
168300 20455 103
60370 4215 136515
3550 75300 333284
34220 21900 5106185
1120 21900 140906
51900 1271000 34038
51905 691000 1184
3555 43750 8912
32640 14750 1991141
11070 158500 124904
66570 81000 829497
66575 33100 29988
93050 28300 63239
108670 67400 32756
108675 37300 1172
51910 332500 170407
51915 198000 7361
79550 34900 138535
6260 71600 48716
680 3240 81206
10120 77100 100243
229640 6730 37856
23150 5320 1882
219550 2590 659770
160550 7320 95269
53290 3850 11741
35420 770000 50449
104200 8970 4455
181710 64500 67830
60250 13950 41946
5940 13100 1072674
5945 8930 28632
34310 16500 37947
30190 10850 57249
8260 2900 62132
4250 4355 5112
4255 2425 826
10060 95600 142812
550016 9370 202
550006 8340 2
550004 10500 0
550014 17350 1152
550008 12610 18221
550005 12270 2
550010 7795 2
550012 6175 18002
550011 10320 2
550015 8425 130
550007 7955 40
550009 19295 20152
550013 11695 2
24940 2790 24019
5490 306000 191024
218410 25150 138363
91340 3980 572699
100840 15200 15463
40 600 384630
64960 31300 39100
3570 6440 10995
36530 12950 8739
10950 113500 369585
10955 92900 5712
19550 1080 3809514
950110 7560 6479
34120 18650 21598
101060 2140 47238
46140 5130 183079
36120 3240 1651161
99220 1885 1523057
36540 1980 171750
40610 2395 133580
255220 10300 157863
49470 758 133848
4060 827 363894
1380 2520 65710
2360 1305 949243
9160 3000 479706
123700 3740 1671
25530 3955 4467
34730 272000 63310
57500 5520 209149
11790 42550 50063
178920 52400 242842
18670 85600 19913
1740 4525 606883
1745 56300 1276
6120 37500 30263
6125 17350 1039
210980 31900 7931
36490 177300 35945
52260 17550 54983
96770 193500 140646
96775 122000 4724
1510 1245 66851539
1515 4860 7776685
17670 239500 127304
660 87900 3726334
48550 2325 242129
208470 13045 0
220130 4010 279
99440 3525 53335
5610 108000 25907
71970 4560 294714
28670 4800 812160
84870 5000 201200
2710 2080 58906
139260 22765 90588
139220 2735 8271
139290 14200 290
139270 7705 307
227550 5020 2015
227560 12315 4
139250 13865 10131
139230 2745 3202
139240 8155 514
227540 21350 1921
102110 29840 1187911
166400 13105 29
91210 48010 34
228820 7435 22
138530 7790 6481
217790 25895 8505
139280 12285 26457
237440 9765 3130
160580 6550 7569
114820 108895 1450
139310 5355 479
139320 7120 471
137610 4935 12970
182490 11255 96485
157450 100885 611
105010 3700 1103
123320 13435 26157
174350 12355 767
147970 23810 162
182480 12840 72240
225040 16375 13671
143850 33130 3752
225030 6975 1978
133690 37950 78518
203780 15680 5645
228810 7160 41393
91230 25620 484
98560 9905 137
211560 15310 1534
170350 13315 1
138520 8970 12
152180 14510 45
157490 7915 76169
228800 4005 11787
227570 11900 1428
130680 5135 41607
217770 9005 2410
195930 11480 11317
225050 8545 3311
91220 8515 5986
225060 11975 3157
123310 7055 87401
195920 14500 3978
241180 13680 12240
157510 12000 139
150460 7965 542514
157500 3840 13348
192090 7820 66635
204480 15905 161421
217780 13580 7981
117690 17180 66
233160 16885 632237
232080 13395 777825
210780 11745 479
143860 39660 63148
138540 16100 447
228790 4295 63459
157520 11165 60
32540 3775 22621
48770 5100 14619
108590 29960 50
97750 8115 60
145850 30145 1
570003 11645 0
11000 5910 98244
24070 3205 2152
52300 721 2245912
37270 2325 110830
40300 2085 16660
51390 3370 989
79940 9020 582493
78890 7480 51698
500 22650 8923
192410 6170 0
24840 2370 204009
860 25600 11839
217730 9950 87938
35250 26800 208192
11420 1880 19358
94480 3905 19214
63080 50900 19979
41140 8090 95137
39240 1955 203456
53950 17200 0
2100 8080 291448
9450 62700 32985
12320 46700 12207
11040 12600 11322
50 13250 34491
214390 12300 23384
12610 5600 191105
9140 22600 188
24910 2185 1072485
13580 21350 19374
12200 4310 45092
12205 7900 56445
4200 5170 8922
89890 5820 393335
2140 2715 131224
198440 3020 1005233
49720 3440 15588
10130 374500 23086
2240 26100 9691
14570 6970 49203
98460 108700 35549
38530 4245 204549
1290 3290 726092
900280 1205 22483397
215000 40900 8463
121440 4540 46634
9290 7320 118593
14200 3085 413857
17040 2755 318130
37710 219500 1018
26910 3880 3278
90150 2465 15917
30610 9060 80327
53270 1955 670783
7690 54400 6656
5320 3125 77753
1140 13150 18708
66620 18900 9124
43650 5750 20923
6050 1555 746757
60480 3050 29815
78130 1135 6448417
2720 4815 156362
19010 14300 7482
14530 3445 27448
900070 1210 71273
204620 6850 361208
19660 4905 64133
14280 23600 43298
14285 36900 1101
53260 3780 32669
8870 65400 436
1570 2230 9032
2990 9980 154748
2995 23100 55583
11780 114000 89509
11785 35900 3782
214330 6310 34085
1210 7080 6730
10050 731 31551829
73240 6100 721705
36190 32800 268
49080 2885 856230
35460 2935 96600
92440 3950 17959
270 32200 648184
24110 15600 493948
13700 1255 429678
4540 3855 161276
4545 19300 10741
187790 1795 233559
74610 11000 321927
121600 23800 199575
39860 5940 161028
91970 6500 137586
51490 6200 514897
190510 20000 9723
89600 52100 28068
138610 13750 61902
130580 8370 11190
36800 25050 13447
8350 1085 3466558
8355 10100 44644
4270 1715 92062
3920 623000 358
3925 209000 15
2070 7000 1567
25860 14150 296716
91590 9520 68858
168330 23750 498009
72770 2510 1342543
212560 4980 38466
95660 17400 84930
42420 14400 8720
85910 3990 1101
92730 55100 51625
153460 4750 91669
7390 7730 20723746
33640 12400 1199518
87730 29150 42110
5720 6410 18156
5725 4290 26
2350 10600 102043
2355 4465 145
73070 7630 2056845
81970 10450 0
89140 13800 47459
65170 2215 132887
139670 3640 1961
51980 1295 295673
137940 2650 157716
92600 6460 121059
225570 11500 45894
90350 9990 204203
90355 9200 3038
320 13550 4616
325 17100 360
6280 185000 16732
144510 44650 40724
31390 35150 45388
142280 9880 5670
5250 31000 28737
5257 19550 770
65560 11000 85636
4370 291000 12351
72710 98000 512
54050 15100 44139
40160 8860 35459
69140 5200 9123
126870 6360 292984
60260 1715 0
12340 1055 114878
222040 21500 48770
144960 17900 16667
900100 3950 23052027
85670 3520 856423
222810 9530 250288
119860 16750 33560
64260 4710 138069
93640 7100 344896
39560 6410 78713
23590 22950 133540
32190 10900 56318
20120 2875 4269
68240 14100 196016
15590 779 304115
19680 7450 44543
19685 4765 2889
6370 10000 522
4130 13850 85980
4135 8000 1021
8060 8530 81963
490 6940 43138
20400 50500 571
8830 26400 825
48470 7450 358147
8110 3815 1535
4780 6050 14762
5750 5140 22573
210 73000 69491
215 30800 727
4440 12850 504980
17650 1825 178695
6570 4455 1292
7720 2805 101832
78140 8940 31158
1680 24750 128331
1685 12700 2729
84690 8270 10904
84695 6510 813
36480 15050 50217
128820 5410 196777
117580 5990 25412
27830 2140 350212
104040 1885 668205
16710 7360 10059
20180 1050 818123
3540 11700 116442
3547 8330 5094
3545 8850 38896
45390 6100 9906114
9190 4590 14260
108380 11700 43452
6580 2925 20345
14160 822 111806
520003 9075 0
47040 5310 873999
9320 2325 579277
42660 23300 854114
3090 15150 84535
69620 188000 55235
7680 11800 9586
430 3925 27721
48910 8140 42763
5710 6520 10627
6340 1625 1498303
6345 3590 33755
3220 19200 60047
24890 1990 70835
2880 1060 485683
71460 3670 2175269
300 1045 242099
120240 13250 10285
3310 1715 452382
78600 30500 1914975
65690 4395 63092
12800 1060 577371
15230 44000 1009
96350 2945 107116
140520 3650 52645
131220 5530 18130
10170 6050 623998
54670 13250 42024
1070 10900 2547
23910 42200 13652
6650 238500 23960
84010 7310 42170
1790 23400 2755
1799 24000 2726
1795 13450 2508
1130 175000 1291
3490 27950 473050
3495 13250 4098
5880 22900 104931
3830 131000 640
16090 2620 79458
69460 4275 2094295
21040 1040 360627
21045 1480 55691
67080 24900 103366
192080 58800 61647
12510 62900 52847
213420 16200 89898
77360 6730 6976
4830 3345 38096
4835 3695 233363
90410 1625 78209
24900 1530 174110
263600 12350 11826
194480 13550 8037
263800 3280 26240
17680 1020 5161594
206560 10000 333604
67990 5910 607424
2150 6130 55480
6620 26300 29836
100130 4070 119890
5160 3065 17358
1620 1125 117436
75970 2175 140432
1230 7030 304340
86450 64900 11544
23450 61500 1020
4140 1650 390287
99410 2030 250916
7590 7110 25033
5960 8890 48989
5965 17250 99351
226440 1895 1120580
230490 2055 40235
16380 7440 5905
16385 40000 353
83370 5010 0
83380 5030 0
26960 25900 40778
2210 23000 6465179
102260 6080 81546
33500 5750 130179
5190 14300 3746
25950 6750 15026
640 98400 6640
58730 7660 120968
170900 88800 19869
88130 9420 21913
28100 15250 63996
282690 12950 58347
41930 3905 14043
1520 1830 227312
1527 10700 8377
1529 31350 74
84670 22100 3487
30790 3120 1009146
2900 1885 644381
82640 7230 48985
60380 3285 74019
1525 9590 1368
79960 10400 3333
3470 3535 348343
3475 2285 149699
8970 1850 4395833
228340 4150 26516
92780 4250 1762
104460 3475 2727
88910 3625 51798
94170 5950 72657
3580 12000 2249328
49770 262000 4452
13120 3855 69783
18500 1205 190462
6040 321500 2974
30720 10300 239230
14820 32350 212645
14825 31900 57522
163560 6850 6305
109860 8780 12618
32960 12500 329
1530 56200 2723
4890 63600 2290
2690 3420 49301
23790 4140 7334
5290 11900 403297
20 10500 22912
25900 29400 6650
150 96600 33704
157 74400 137
11160 2130 122884
241560 30250 92155
82740 3610 93165
155 73400 670
42670 9200 1013926
34020 13900 417606
16740 5820 29450
78590 1890 50606
73190 2195 40490
30350 4290 39829
203650 5110 2008533
217620 3095 5477577
187870 8970 43013
66670 3855 28966
24090 12400 7187
3160 5150 145484
92200 6350 38372
214680 1830 375584
263720 13550 23577
109740 7180 0
90710 1840 5111229
196490 18450 144469
66900 3015 15469
127120 6060 88847
92070 11600 18912
101000 1575 0
134580 4800 1244622
39840 35950 25103
13570 5380 11662
210540 18850 71679
79810 2965 66941
113810 1125 533176
43360 3520 1419635
115450 35400 149721
106520 1345 1151225
68930 4970 210990
33130 1955 114173
33310 1955 49719
105740 6950 81421
7340 33700 4264
187220 9210 36267
26890 3785 287493
131180 2085 41471
42510 3015 124700
50120 985 857794
171120 10300 18972
69540 7840 373194
115390 20350 67102
171010 4285 10229
84650 8620 1212198
141080 35050 64891
60300 4210 690388
38390 18200 8797
228850 19700 15734
238120 14350 18547
215100 2800 92216
90360 37900 236947
900260 1555 696999
16170 90600 18640
67730 4110 343375
71280 4270 130100
32350 20000 30312
400 2635 111129
23530 199000 63051
4000 60700 133631
4990 52100 89781
5300 1428000 652
5305 662000 47
11170 336000 62161
2270 845000 2905
71840 78300 32602
38060 3595 109189
82800 1805 234392
85370 13800 260600
60240 5610 47732
58470 66600 19521
39980 2225 157877
16100 14050 140440
197210 2300 1528867
12700 5700 30201
79430 21550 42008
277070 5730 31353
42500 3970 29742
219420 8300 110312
27740 976 4757269
137930 13060 0
98120 4020 72196
147760 5960 55025
159800 22590 0
211210 11960 1
38290 35000 55218
204320 40950 436496
1080 18350 8815
267980 85100 49685
5990 14500 17311
127160 5000 469778
93520 5420 340472
141070 1440 70032
88980 8910 215288
94800 3710 16690
67280 35500 3096
72870 15300 10125
215200 167000 8367
133750 2880 179170
41920 7880 8931
86900 794300 36103
78160 94800 53017
65650 7880 13318866
15540 9300 80018
138040 12350 92320
8560 3485 1090600
60 18250 480636
21880 505 726963
140410 60300 59210
241770 26000 74153
59210 3960 534522
58110 4845 15040
96640 3530 31114
17180 6270 216556
12690 3590 75407
5360 3025 15994
149940 7870 0
80420 8380 18493
80160 25150 335767
204210 3455 1150
100030 10200 5921
87260 6660 147045
101330 4490 3520
33200 4530 4554
9680 9110 5341
118990 30650 3890
6920 5540 60583
9580 8000 308269
1810 2735 41233
9200 3010 220676
33920 14100 46663
8420 2925 222648
161570 4015 113822
95500 4120 64124
25560 263 5183534
218150 3155 270003
7120 544 186757
6800 7930 1757205
6805 4590 27518
85620 5140 351919
49950 139000 17893
213090 9000 1181
207760 2820 48661
2840 248500 90
107590 39950 641
134380 47000 209
3650 80500 24
201490 7060 111512
214180 21200 56494
155900 2735 4143
206640 15800 146359
18700 2840 14132
64520 1195 499735
53030 10200 203011
84990 224400 245788
64550 9880 68366
208710 2280 70228
142760 13050 120560
65940 3030 1550348
38460 5390 146233
41830 26450 192395
44480 10300 16630
86040 11150 144155
32980 2310 490333
43150 33550 51356
3610 24100 6305
267790 14900 306747
1340 3035 115942
14580 3050 125170
46310 3420 185297
35150 5730 64776
36620 1480 165050
177350 4960 25522
96300 455 61729
7210 3095 176942
225530 5200 104026
250000 11700 17008
2760 2525 1290700
14100 10850 47122
3850 9700 79781
6910 3035 442128
890 842 171656
3000 23000 103428
1270 23800 1246
1275 20500 52
26940 2540 132285
14470 3130 202879
15350 35950 342
11390 137000 228717
5030 764 120995
8470 5270 9861
100120 32400 18879
66980 1035 2522201
64480 3750 31676
251630 38400 83030
33560 4960 20544
148140 14300 20071
100220 9430 19378
200780 25700 19564
141000 12450 109534
90460 26950 303890
83650 3700 47165
86670 8240 9416
138580 21200 164981
54220 1705 6190019
42370 7340 41601
32850 6700 5132905
32680 2015 1878186
32685 22950 7369
93190 6180 19757
65450 2850 732677
5180 59700 14373
72950 5790 30540
143240 17800 13021
3960 24400 19364
8040 1405 158850
7160 61000 7017
14710 6890 36838
6090 11750 32491
79660 11550 399289
123260 2400 353199
100090 4060 432064
5090 40400 8329
122350 3060 67065
14970 4155 22835
18310 13600 20650
53700 7890 60275
9620 7540 9976
23600 9320 11276
111870 23850 343613
1470 5730 114646
530010 4155 19
530007 5935 4008
530003 6755 82
530008 8920 180
530005 13480 5
530011 8665 2
530006 5750 62
530002 15465 1
530009 8600 5
530004 5820 706
530012 14230 5
6400 232000 314316
6405 97500 920
6660 10500 4450
28260 121000 148876
207940 424500 109366
32830 97300 199077
18260 207000 84474
28050 14900 480831
9150 150500 878089
9155 56100 19819
5930 47450 10474547
5935 38400 784231
1360 3125 242498
10140 6200 1995398
10145 44900 1154
16360 32400 384181
68290 11000 91959
29780 36450 87129
810 267500 46831
815 185000 2058
6110 3370 16818
9300 18400 11634
145990 78300 5265
145995 41400 675
3230 92700 18802
225190 17400 25557
2170 40500 4464
272550 19050 14900
70 102500 10857
75 52300 61
2810 16250 19573
54540 3870 76110
65570 6960 7928
5680 14650 374580
3720 878 1617032
23000 2895 13850
73640 2105 86537
4380 14300 14925
2450 2105 269905
32280 2340 143659
2290 3265 8413
520 23100 225850
9770 37050 41
37460 12300 588149
32750 7370 42931
54090 2380 230864
5500 46700 17963
250 39750 381862
4690 108500 862
24950 6630 22428
38500 4020 431441
17480 4690 130425
1880 13750 8786
10960 4765 44387
46390 1440 18140
4450 47150 605
9470 43500 198556
11230 7050 1481795
1820 101000 326402
390 7770 77964
27580 2085 2267515
41650 6080 18906
91580 14600 604987
263810 15700 36995
89980 15600 248114
42600 5920 18369
75180 5200 6256
263540 5840 7985
7540 36400 83437
248170 34800 30656
65620 15200 95485
38070 11050 21398
6730 8860 82429
79650 4215 56229
100660 4425 205972
200880 6440 106230
12860 1950 52247
19770 3330 19206
17390 86600 40
46890 19050 428632
4410 225 1628284
4415 4565 22388
63170 8490 334110
27040 1105 133755
18680 11100 7390
21050 1150 80356
93920 5490 11732
189860 8800 418909
178320 29550 61626
122690 3200 109872
140070 4525 714710
11370 2015 223217
65710 13250 8078
8490 30050 12238
35890 1310 3038030
3100 19700 7313
7610 4210 115908
171090 14750 11335
136490 14800 66991
2820 6500 13107
14620 10300 83512
37350 6480 63354
14910 2510 73248
14915 7740 7220
3080 6190 5399
4980 8150 324641
4987 13200 9376
4989 9620 230
4985 11100 51025
11300 648 98980
81580 3520 25022
45300 4760 29524
15750 4325 299652
5980 8770 0
180 2550 145359
80470 7650 41180
43260 1085 700486
2420 83200 278
53060 889 55665
17510 7130 250416
4360 12500 8357
4365 6430 578
4490 31800 15309
11560 12500 28013
1430 20050 41114
3030 64900 18391
19440 16650 2828
58650 129500 939
13000 1720 866080
100700 4175 6141666
234100 3620 448659
24830 6620 1380
91090 4385 1058996
21820 10750 593
67830 4175 54738
33530 6790 21641
36630 561 2450457
39310 3145 207371
75580 3915 189215
67770 3230 21915
53450 7720 61136
27970 1410 16423
91990 98200 353727
49180 10900 287716
108860 6330 630318
208370 5260 107090
68270 285500 388902
68760 80000 99527
53110 2100 870465
66910 2785 40297
154040 4535 63772
35610 5230 1335879
36830 61100 33605
4430 24900 75569
86980 4195 93151
50960 8560 4876
17550 1540 396386
84180 5820 0
2200 21200 3206
236200 24000 60656
94840 5870 22936
192440 50400 12990
53210 13450 41619
33790 3440 527005
159910 690 431612
115570 5250 694
253450 103300 221336
13810 4065 241344
39670 1130 204777
49830 10200 18485
20710 7000 32514
33170 1190 452026
25320 3660 524056
269620 3290 50674
131090 1860 2033516
16590 72900 48258
29530 50800 3208
4970 14350 86631
1000 2810 3336339
25870 5710 52398
215600 61800 2038993
65350 4500 1155637
11930 1320 555358
5390 1025 239478
35510 127000 31016
4170 303500 75545
34300 34800 6980
31430 179500 80822
31440 136500 18988
6880 5670 61804
2800 7170 58741
5800 141500 29
1720 56700 981
1725 50400 3705
9270 1890 733518
9275 47500 1248
17000 4435 56826
2700 1660 20462930
12790 11300 11622
138070 7280 13491
19170 6790 87129
19175 6800 33171
2870 1155 48452
500016 9955 297
500009 14485 289
500011 10110 0
500017 9115 210
500003 8690 8806
500008 9585 1059
500006 9610 178
500010 6550 1582
500012 9705 0
500005 8010 124
500007 9530 433
5450 4595 16789
55550 44500 762075
1770 20450 3468
56700 2140 55863
187270 3915 116156
4080 10800 2665
243840 42450 77683
108320 41950 93002
222800 9060 137403
36710 2090 17065
160980 10800 42005
102280 1120 286139
3410 4665 1251066
3415 5060 117346
10280 916 77210
3620 4415 138102
4770 2280 370469
122800 1000 0
208640 3420 612099
222420 2295 184731
37760 1875 602179
136510 10500 12466
99320 25900 7472
49960 34450 25531
50890 4350 326726
66790 423 0
222080 3130 2331483
4920 732 564821
264660 13500 31425
112610 25500 91477
115530 701 334464
225330 7960 5319
115480 2845 268718
96530 27750 145326
101240 7660 11719
60590 14000 83695
36170 3800 291686
260930 29100 12466
13990 4805 254951
123860 16600 23884
8700 3330 9501783
58220 1265 3450025
2790 104000 91064
2795 51300 9505
90430 275500 123962
90435 140500 4326
52710 35600 181897
74430 2210 64507
92040 33350 92096
83930 6560 58581
149950 6600 13193
90370 4260 170177
36010 10800 298473
183190 117000 18969
2310 34600 10405
50860 3095 100418
246720 11250 11897
67390 14300 323559
127710 2435 208324
20560 4125 2152619
154030 4310 126123
227610 23350 90411
143160 8500 14661
54800 15500 181
60570 8660 213144
122900 6240 66407
99190 22950 167647
214430 18850 87841
40910 9600 41203
68940 1385 1121628
52860 3960 37222
10780 25500 32751
69920 4155 14423
38880 3465 133060
101390 1505 2051217
226350 2770 213011
78860 2125 115960
114810 13300 54584
31310 3710 39086
139050 2110 425580
185490 21950 71473
59100 8050 846269
39570 12650 41010
52460 5200 2427
89530 707 212338
119830 14000 269498
124500 3300 48549
33660 8460 13026
32080 1900 213091
13310 2550 230578
59120 10850 31656
23890 47100 858
101140 2805 1781302
67160 49500 244268
1540 11450 10540
53800 52600 76333
65660 99400 75447
1780 3410 301440
260660 13350 35829
2250 27050 4502
106080 716 283729
140670 14250 107770
96610 5010 198229
61040 4205 45613
148250 9960 8013
196170 25200 225275
123750 3535 11384
85810 3620 48549
18250 67500 421822
161000 11200 58794
196300 15250 20294
205500 5990 41078
52790 12950 15517
131400 2020 313233
238090 6430 38687
174900 45500 60719
255440 22900 31847
30960 9670 1343338
102120 5110 33945
19990 4845 53277
11090 1560 108486
25980 7070 990368
41440 8250 61212
38680 4200 31729
217480 10700 353995
121890 2755 34016
30270 413 1657403
97780 1505 7490370
42110 1570 1223730
65420 784 430703
103230 11900 116405
900080 590 164532
101490 4065 68536
95910 7190 20797
31330 1810 281474
60540 2140 226179
56190 34000 83313
80000 3220 453346
160600 6350 76586
263920 5230 67444
5850 18750 18413
41510 38800 558338
7820 12650 41657
109610 6120 64373
12750 98900 25563
114570 10050 112538
96630 2040 378342
69510 9920 7286
41910 10900 29619
234300 12850 181551
39440 17500 77061
98660 3380 7594
52020 11550 339474
237690 37500 54802
50760 2060 55591
58610 9700 186268
43340 1285 3313673
23960 2125 118411
54630 2250 1328652
200710 9600 116617
78520 14100 222899
3800 130300 594
88800 4960 286885
138360 9000 1192579
15260 659 259911
72990 10000 32012
176440 5030 188812
28300 73900 740894
67630 16750 480605
239610 31250 1670
226340 2045 0
44780 1705 30692
71670 9240 884707
45660 7520 44084
224110 8680 23926
21080 3030 1109280
182400 16650 74405
109960 1255 442407
7460 9810 1229218
3060 3550 374193
214870 3140 29031
64510 7080 653417
230360 12400 562869
38870 7420 18231
86520 37850 941664
38110 1685 234247
73540 2725 18120
36810 5730 88877
63440 2000 820741
173940 8360 41077
83500 6030 16149
65160 3580 0
54940 1560 270819
950130 4360 181988
205100 3380 70040
92870 7940 57110
67570 3130 30945
101400 704 580274
36570 372500 76502
217820 13950 63725
31860 2085 48453
208860 30150 11169
183490 85000 55396
85310 1540 2462927
9810 643 639312
206400 2705 348372
69410 12900 39321
48830 2050 205421
96870 3360 31571
61970 4170 1694114
138690 14300 71946
66970 52400 547580
156100 9240 40311
73110 6970 14151
83310 12300 62407
170920 11450 19269
58630 3550 49055
19590 587 0
97520 15150 21969
9780 6730 18197
123040 2395 89301
33160 9860 59835
259630 26850 53208
115960 23350 36806
90740 2140 27589
14440 4230 22613
7530 2220 86071
143540 3850 22457
111770 30400 181309
9970 53300 2615
36180 5690 309310
3520 7200 575880
670 716000 580
36560 7880 31114
6740 3330 59705
12280 1520 882725
265560 12350 6969
12160 1195 212195
36000 10400 189045
53280 5320 74686
15360 39800 653
900300 2735 293828
45060 3520 45968
80520 6500 19662
7310 843000 3768
39830 10850 12161
46120 3915 429402
14940 904 66602
2630 916 530993
65500 600 231296
1800 22950 109525
10470 5330 11909
53980 10000 29960
241790 8780 24175
39200 18900 168687
226400 5950 23077
31510 4530 1496721
48260 53600 161327
138080 10250 31681
80580 4095 6177
67170 12600 167333
49480 2425 95148
57540 2715 2998227
57680 3640 245522
123010 4245 8663
82210 5400 79369
109080 6800 17824
52770 2425 975711
10600 8790 163326
57030 2480 15455
122990 16650 667773
232140 4130 419586
67900 4210 84568
155650 20000 53450
251370 28750 75145
193250 2650 376584
19210 14000 132944
122870 37150 369228
79000 6530 1142
70960 6740 224064
114630 5100 6605
32820 1470 1981395
41190 4155 29799777
115440 8520 32878
118000 3440 348045
4720 8400 119998
46970 2355 97358
215360 29800 212529
72470 6020 3543
73560 2135 368847
30 16500 1686443
153490 845 802617
82850 924 1435204
37400 1210 4246006
101170 4070 35024
6980 3040 165084
194610 1310 0
66590 6580 720835
17370 8530 11595
46940 4075 68653
215380 2945 150653
65680 9950 35788
105840 5060 77816
18620 3965 36715
49800 6580 10164
16880 2700 199319
95720 6050 108048
103130 3150 204225
5820 20900 868
32940 6800 147217
240810 28200 150122
74600 15250 69326
104830 54200 13234
30530 5560 121909
12620 10150 3291
8370 3895 12198
8290 3790 172273
101160 5900 27719
95270 24950 24126
65950 3310 549630
114190 4800 108317
76080 2755 1249479
196700 4700 22607
69080 20750 901732
44340 16350 274304
112040 41150 228107
38620 1240 92729
36090 1300 986214
136540 12750 58087
97800 1515 282456
192390 4590 18647
8600 1420 529002
33270 25900 35352
14830 48450 5549
36200 7130 391273
18000 2280 507960
910 3990 56651
47400 2380 28097
203450 2790 12041
11330 1310 222583
77500 8520 96465
11320 4980 191599
86390 19950 370969
241690 15450 8647
142210 5680 21467
48430 7620 93617
206650 6310 73924
89850 8390 33005
32620 4580 1087893
264450 24900 22185
78070 5080 55797
2920 3090 1912
24800 3055 109745
700 5970 22022
54930 16150 15344
69330 2990 956460
49520 5720 57736
56090 15950 97904
11690 8110 98162
263770 7530 512084
72130 3895 26101
220 13600 58922
225 8220 17475
227 18800 337
195990 1235 720844
23410 6530 672994
56080 5180 611350
84370 16250 77160
1200 2895 479212
178780 3630 48361
179900 20250 15632
100 219500 14887
105 205500 7
3460 14500 7696
3465 13850 77
191410 5880 19382
8730 14700 413336
44960 4645 14749
8250 11250 148702
39020 2915 9974
25820 1875 50471
60230 2090 134369
67920 4515 48035
214320 51600 173107
73490 18300 32421
215790 7560 26015
88390 9140 3629
272290 57800 49610
53350 7150 21478
258610 4985 45114
33110 613 544045
41520 5620 329131
54210 2940 40438
65440 1985 268126
139480 227000 58771
36260 2040 211913
115610 4010 90220
78020 10650 13047
80010 10000 21689
86890 8050 27286
7660 3730 110129
5950 11000 32683
15020 832 114171
47560 7160 10256
900110 380 835005
67010 4620 11294
93230 281 1339442
223310 1050 2403914
52190 2690 0
226360 2540 1994965
102710 14400 91815
94190 967 495793
63760 20600 9050
123570 2615 57074
95190 4225 422621
91120 19300 268427
102460 21100 101099
39030 68000 44447
88290 1405 10041
84680 1690 405662
33600 6650 272572
181340 5440 4488
35810 7640 768318
90850 8040 217421
92130 15250 3119
16250 131100 4195
96040 255 1437339
134060 4995 6173
1840 6550 158152
760 21050 566
24810 324 6341369
14990 1745 150295
79950 3440 20905
60150 6900 142342
33230 4090 229628
6490 7190 1837849
37330 1600 24624
23800 5620 39559
34590 30000 1262
83640 10700 171388
216050 23300 57207
49070 9140 20775
119610 34550 13465
158310 3425 914467
17250 2155 189968
129260 2845 22980
108790 6980 101211
35080 2865 378113
51370 17650 102440
64290 3540 26736
189300 13800 56168
150840 12300 97241
48530 36450 59722
23810 4530 3801
175140 16000 4044
115310 23800 696
39290 6790 19160
41020 1960 92946
71200 7590 8639441
101930 4740 21388
78940 1180 84995
249420 22500 52760
230 14150 5374
13360 1275 190222
3120 105500 353
68330 2155 3044893
3200 112000 1697
7110 1500 904674
58450 2550 54315
7570 31800 33279
7575 22700 424
8500 19400 204
19540 3315 1831
81000 24000 146904
20760 4565 3579101
20150 53200 785609
94820 5660 30396
103590 4530 52045
15860 4520 69381
226320 51900 42744
950140 5110 68406
49550 3665 11460
43910 1765 553307
234920 6190 64874
33240 13100 52786
174880 11750 282084
49630 1550 283129
950 20700 1706
65530 2515 1035229
208140 2840 117327
22220 2755 89335
40420 7290 4682
45510 2400 45626
217190 3520 115921
95700 89700 173701
187420 8450 99095
123330 14250 150341
159580 8260 59096
147830 8030 68142
33100 7320 157756
19570 665 155229
79370 16850 15000
54950 41200 24258
90470 8970 94573
137950 4055 105513
33320 8660 318186
194370 13700 32319
26040 6590 30549
126880 3910 254098
33050 1100 51131
94970 3520 17880
36420 6200 942460
89790 3060 27795
30000 19150 115547
52670 3720 55402
1560 6590 9305
38010 4425 54139
2620 24100 3225
3380 12700 120107
80220 4975 118820
6220 5710 3888
89590 43650 76762
82270 14100 143846
44060 5320 192704
4910 8260 43739
4700 33500 1770
1550 18400 111656
480 81900 822
120030 79700 8025
34940 4910 259212
101730 11100 19040
67000 14100 8622
18470 1055 171856
2600 224000 8
185750 98400 19910
63160 20050 4779
33340 3605 1164434
36930 8770 334686
44380 504 740540
72020 19100 36826
440 33500 887
54180 4600 370861
43610 6230 355511
263860 6260 17112
155960 1180 0
208350 2030 69095
51160 1770 47936
53050 1640 57071
119850 5610 160633
65060 2250 3402499
204840 5500 3981750
13870 7490 82488
18290 6830 99782
71320 65500 2561
111820 3305 218900
10580 811 127021
35000 8170 3213
88790 5890 5975
18120 30900 791
109820 7340 225594
86060 5820 80509
36890 8520 143369
3780 2950 7807
7370 4230 20624
10640 1955 21545
100250 2445 60714
51630 2085 17557
272450 23700 180036
2780 1900 20232
2787 7990 2181
2785 3395 19283
85660 14600 379242
900040 663 74631
900120 499 1625372
900090 773 0
9310 1850 695109
94850 10900 33657
4650 15400 7580
650 85100 528
96240 18850 89366
13720 4335 187525
12600 2810 10312
66360 2950 88464
33250 1020 126023
47820 1465 371984
94360 7300 98440
35720 115000 184967
26260 6180 0
42000 184200 81800
6380 6110 430744
71850 6300 141888
180400 9380 184307
50110 2190 339841
900310 2540 69558
78340 168600 112409
263700 35850 1063018
214370 72900 31224
221980 13700 3470
43290 10900 4433
131370 2240 229662
232270 2050 10967
29460 16400 41038
115500 5370 894508
281820 17450 65613
89150 2515 273748
25880 2230 160776
93320 25150 26430
105330 6360 10266
39420 3225 517668
83550 9780 19139
32500 27000 42722
145270 898 53787
58860 2665 97753
64820 2700 157622
256940 10850 4295
24880 4980 29512
54410 5900 7570
217600 1795 166401
89010 6940 65529
220260 4580 1336374
52400 12250 64988
46070 2710 25797
80530 1795 0
224060 1365 17212884
900140 3845 88080
78650 1430 76402
104540 7730 11323
27050 5870 490917
7815 3520 647
7810 7340 40475
101670 1760 36191
123410 2305 479728
152330 11900 67492
3690 10700 447158
36690 4695 14010
49430 8420 4933
183300 32400 78037
41960 24500 486270
192820 135500 102827
241710 29800 59429
5070 26400 781963
5420 22350 348350
69110 11000 110458
71950 1420 191934
166480 12650 111639
45970 6050 113152
29960 5360 71848
2020 40950 19292
3070 8290 26729
3075 14500 5529
144620 3380 266662
102940 74100 54159
2025 22650 26
120110 59000 109996
120115 26500 3432
950160 41650 158699
138490 6970 42372
21240 91600 83491
33290 5830 810838
56360 7360 62538
121850 3810 77338
15710 7110 48616
52330 17450 87181
126600 3595 51763
200130 25450 25651
31820 1350 855046
225650 6790 10485
192400 165000 4066
284740 225500 1595
60280 8750 265410
40350 2095 590271
51780 910 221390
115180 23650 27136
66310 5260 3025
16600 924 276962
5740 14100 32960
5745 13200 28957
58530 1355 223665
43590 4095 130326
82660 1405 2762952
114120 2450 1123475
83790 17700 203744
900250 1715 527502
45520 16000 58437
214150 4345 71232
237880 22000 77480
123840 2015 194998
39490 93600 104543
12170 501 1100189
54780 2385 3055906
219130 5820 15025
65130 6120 35784
15890 7930 300147
6890 5050 47947
23160 10350 32582
3240 1486000 798
11280 3230 68869
53620 9790 1899
4100 1385 18333
4105 3540 19179
72520 1550 464134
9410 13400 286285
9415 5450 17067
44490 14050 80821
1420 3795 37742
7980 2920 47397
191420 42500 23130
123100 15400 84864
182690 2060 244095
66700 11350 523886
95610 22650 414708
131970 23850 130934
89030 14600 39297
38540 22450 402807
54450 10800 52672
91440 3785 23946
196450 1315 21800511
78000 13200 11547
200230 7690 1320365
214420 14300 25143
215480 1405 5095360
51360 8090 59238
45340 2830 31709
57880 2090 240761
108230 25250 131587
79970 10550 431439
66410 1770 2492197
140890 2900 709
52290 1455 0
26150 6850 259436
33830 673 29809
64760 70100 133737
131290 12250 18473
246690 2755 128481
19180 2220 46360
62860 4195 16743
4870 4620 600798
104480 2435 834271
81150 2240 583720
130740 3055 18567
134790 49700 3752
84730 8900 16806
46210 6530 66193
34230 19000 498201
33540 5760 45090
43200 3290 146326
214450 41100 16451
5690 14850 1055574
177830 9050 413601
37070 5660 559142
150900 4270 7253
152870 30280 6155
192720 28360 30
226810 104335 200
176710 100840 0
140950 23005 58
47310 4490 108122
49120 2605 65295
38950 4580 17263
106240 2325 160124
131760 4025 4753424
140860 41800 12882
91700 7890 333032
194510 10600 0
38160 9070 241332
43090 5540 3748193
36580 11650 18500
27710 1360 1257578
225590 1995 60943
54300 1445 1566599
68050 4775 44103
222110 14000 40998
10820 3840 634612
16800 30250 1618
263750 234600 46612
1020 1320 1259583
87010 52000 39745
90080 2980 3227810
43370 9500 21714
10770 5380 86814
119500 3865 38083
16670 1235 346559
22100 7240 356466
58430 21600 10879
47050 19900 298105
9520 4410 407723
3670 46450 442950
189690 6660 19186
141020 2130 256081
39230 1610 180368
7630 18300 812364
5670 5590 8573
94940 13800 1462843
7330 7900 1444
17810 129500 575
93380 3330 27304
23900 10150 94641
103140 31050 391050
5810 40600 5910
195440 5840 18416
220100 18750 55882
35200 4900 285721
203690 6690 388511
53610 17600 15358
73570 7490 33969
53160 6690 11080
75130 5050 112311
32580 2360 419266
51380 4150 13876
241820 13150 199888
237750 10250 37434
131390 15750 424011
24850 824 349928
31980 25850 116555
2230 5750 336452
137400 17950 660562
128660 2005 96907
6140 6900 9839
87600 7290 1964
33180 13900 3211827
64800 2810 618429
161580 7290 28586
123420 22100 129748
230240 2120 0
86790 42250 786026
99340 1370 99783
99350 1955 49354
67310 5000 139917
166090 21900 89330
39130 76300 103722
136480 3105 389996
153360 1710 15796
159650 1170 155317
149980 5940 391237
13030 23800 19860
126700 15850 209160
200470 3560 500341
71090 28550 13075
235010 2075 0
131030 14900 338674
221840 6040 91434
106190 11350 4250
19490 4385 9675
80 18150 128659
87 15400 7109
140 8390 4898
145 8570 52
66130 4925 50890
152550 1855 5519
4590 21950 856
36460 58000 161037
39340 3550 100698
5430 40650 3212
71050 71400 279857
71055 39150 8662
34950 53400 296
10040 3090 85456
25540 44350 18240
222980 10750 2089
4090 140000 6843
25550 2725 202332
2960 346000 740
17890 8830 202289
2000 38550 3586
2005 30500 19
123890 5220 45362
15760 31150 793479
63570 11850 380543
41460 5620 63950
6200 827 124491
101680 2410 0
39740 3885 17151
53300 4825 28846
25770 10750 58740
2300 21300 5545
23350 5150 55740
25890 2420 33063
970 9320 43070
104700 6840 45098
17960 5650 132346
23760 635 55066
54040 3150 99702
50540 2330 156642
161890 69700 116934
24720 35350 50649
21650 2840 204149
161390 43350 212921
240 18000 31940
53590 1280 353578
34830 2700 571349
168490 2595 26627
37230 2075 57860
10100 1675 7601
47810 32500 1648965
123690 12950 60937
3350 32900 15965
30520 17550 202976
52600 2845 115912
11500 4410 16320
2390 25450 34891
92460 6760 9217
14790 4840 203383
53690 10500 82569
42700 9670 192768
8930 68100 41921
128940 439000 17744
47080 3675 47896
9240 95200 200773
20000 36550 165900
3680 7780 261157
37950 2015 373561
105630 16000 142514
69640 8250 15285
16450 7360 38441
9180 2115 80614
10420 1255 122873
70300 5830 9136
221610 7830 181
70590 1850 0
213500 18050 303102
14680 76300 25305
4710 10100 71339
4150 4930 59009
25750 1545 1292218
42520 26300 58598
4960 19100 31637
11700 2520 73483
78350 4660 21417
45100 18150 98333
1750 7510 7765
1755 8890 1214
18880 10900 758007
9420 25050 189276
14130 5080 13127
46110 6460 16448
24740 1550 127371
5860 2035 610929
3300 143500 0
7860 4805 28144
2220 23700 8021
7770 12050 7485
51600 33300 96179
52690 22150 77751
130660 3380 64891
2320 22050 12422
97230 2755 246022
3480 3650 5175
180640 17000 538316
5110 1870 673985
79170 6630 32490
9460 980 88268
86960 19800 34137
54920 3205 95999
77280 2535 13802
2680 2555 2800012
66110 2030 872657
880 31600 544253
88350 4920 735545
370 6510 265336
885 22750 23252
9830 20300 568533
9835 12500 6879
27390 30200 17768
12450 23400 613095
3530 2460 414824
3535 2395 1396341
102210 12000 561388
220630 3150 2136320
195870 20150 78256
34810 13900 5721
76610 3240 294568
101530 13150 18417
220180 4410 16634
143210 8400 17378
8800 2755 51504
900270 1535 4406746
89470 5840 25418
720 52000 1028983
170030 3575 22374
5440 13000 124725
86280 132500 149147
64350 23950 2404409
12330 227000 165713
10620 80800 71327
69960 96200 71296
4560 10300 69442
4565 54500 2857
12630 23250 239471
11760 27650 235656
11200 4460 1126187
48410 4885 87481
4310 4985 126869
126560 4085 45832
17800 77100 461478
11210 43600 153126
26180 2490 133266
4020 48300 339330
9540 96900 203927
5380 127000 463776
5387 86200 47213
5389 76300 2058
5385 81600 15672
1500 9400 20374
227840 26100 54242
39010 10200 80002
1450 34050 244029
57050 109500 12850
204990 4700 416986
92300 3685 47504
11080 1080 28797
93240 3800 35600
3010 5400 357601
8770 90800 1101305
8775 50700 1447
60560 1645 137808
64240 8730 1238830
39610 8580 201621
2460 13800 29638
13520 2095 114371
241590 10800 213096
6060 7700 207995
10690 3705 1530275
126640 1420 345906
86250 3990 308642
204630 4010 85551
133820 2475 43377
61250 7120 72981
134780 3230 728404
10660 20800 1212
850 53200 387
16580 20750 15308
32560 10200 82638
4800 44950 519008
94280 11150 11563
97870 9850 160080
14190 3165 1541005
93370 11400 1234420
50090 818 181064
81660 32500 578217
5870 9780 40725
205470 2030 6842845
115160 7530 27623
28080 4280 13410
200670 32100 18833
79980 8580 68879
65510 12650 75160
5010 13350 51611
243070 100900 31265
84110 59000 25252
145020 483900 12572
69260 30100 71695
24060 2705 33810
10240 4810 59960
189980 7980 900
540 6240 16670
547 28050 3589
545 6130 4009
3280 577 2693741
37440 4310 58322
238490 18900 1859889
